SquatJump
-1,-1,-1,-1,60,-1,80,90,-1,-1,80,90
-1,-1,-1,-1,-1,-1,-1,-1,-1,-1,-1,-1
20
50
legsquat
-1,-1,-1,-1,-1,-1,-1,-1,-1,-1,-1,-1,90,10,-1,-1,10,90,-1
20
60
RunningLegUp
-1,-1,-1,-1,-1,55,90,-1,-1,100,10,-1
-1,-1,-1,-1,-1,100,10,-1,-1,55,90,-1
30
60
BiMuscle
-1,10,-1,10,-1,-1,-1,-1,-1,-1,-1,-1
-1,90,-1,90,-1,-1,-1,-1,-1,-1,-1,-1
20
50
OneLegAboveP
-1,-1,-1,-1,-1,-1,-1,-1,-1,-1,-1,-1,90,110,-1,-1,170,170,-1
-1,-1,-1,-1,-1,-1,-1,-1,-1,-1,-1,-1,170,170,-1,-1,90,110,-1
20
60
