SquatJump
-1,-1,-1,-1,-1,-1,-1,-1,-1,70,-1,-1,80,80,-1,-1,-1,90,90
-1,-1,-1,-1,-1,-1,-1,-1,-1,-1,-1,-1,-1,-1,-1,-1,-1,-1,-1
25
5
60
KneeUp
-1,-1,-1,-1,-1,-1,-1,-1,70,-1,10,-1,-1,110,-1,90,-1,-1,-1
-1,-1,-1,-1,-1,-1,-1,-1,110,-1,90,-1,-1,70,10,-1,-1,-1.-1
30
10
60
BiMuscle
-1,-1,-1,-1,-1,-1,-1,-1,-1,90,-1,-1,-1,-1,90,-1,-1,-1,-1
-1,-1,-1,-1,-1,-1,-1,-1,-1,0,-1,-1,-1,-1,0,-1,-1,-1,-1,-1
15
20
80
StraightArm
-1,-1,-1,90,-1,-1,-1,90,-1,-1,-1,-1,-1,-1,-1,-1,-1,-1,-1
20
5
40
UpperArm
-1,-1,-1,-1,90,90,-1,-1,90,90,-1,-1,-1,-1,-1,-1,-1,-1,-1
20
10
50
